1976 US Standard Atmosphere, tabulated
Altitude(km)	Pressure(pascals)	 T (deg K	 Rho(kg/M^2)	mu(Nt-sec/M^2) 	 SonicVelocity(m/sec)`	
0.00000000	101325.00000000	288.14999390	1.22499918	0.00001789	340.29410418
0.20000000	98945.32559189	286.84999390	1.20165068	0.00001783	339.52561133
0.40000000	96611.10934383	285.54999390	1.17864418	0.00001777	338.75537510
0.60000000	94321.68392160	284.24999390	1.15597617	0.00001771	337.98338357
0.80000000	92076.38880948	282.94999390	1.13364321	0.00001764	337.20962468
1.00000000	89874.57027130	281.64999390	1.11164183	0.00001758	336.43408624
1.20000000	87715.58131152	280.34999390	1.08996862	0.00001751	335.65675592
1.40000000	85598.78163638	279.04999390	1.06862017	0.00001745	334.87762123
1.60000000	83523.53761503	277.74999390	1.04759309	0.00001739	334.09666956
1.80000000	81489.22224078	276.44999390	1.02688400	0.00001732	333.31388813
2.00000000	79495.21509240	275.14999390	1.00648958	0.00001726	332.52926402
2.20000000	77540.90229535	273.84999390	0.98640648	0.00001720	331.74278416
2.40000000	75625.67648322	272.54999390	0.96663140	0.00001713	330.95443531
2.60000000	73748.93675910	271.24999390	0.94716104	0.00001707	330.16420408
2.80000000	71910.08865702	269.94999390	0.92799215	0.00001700	329.37207694
3.00000000	70108.54410349	268.64999390	0.90912147	0.00001694	328.57804016
3.20000000	68343.72137903	267.34999390	0.89054577	0.00001687	327.78207987
3.40000000	66615.04507974	266.04999390	0.87226184	0.00001681	326.98418202
3.60000000	64921.94607898	264.74999390	0.85426649	0.00001674	326.18433240
3.80000000	63263.86148904	263.44999390	0.83655655	0.00001668	325.38251660
4.00000000	61640.23462290	262.14999390	0.81912887	0.00001661	324.57872007
4.20000000	60050.51495598	260.84999390	0.80198031	0.00001655	323.77292803
4.40000000	58494.15808800	259.54999390	0.78510776	0.00001648	322.96512557
4.60000000	56970.62570486	258.24999390	0.76850814	0.00001641	322.15529756
4.80000000	55479.38554057	256.94999390	0.75217835	0.00001635	321.34342868
5.00000000	54019.91133923	255.64999390	0.73611536	0.00001628	320.52950342
5.20000000	52591.68281704	254.34999390	0.72031612	0.00001621	319.71350608
5.40000000	51194.18562443	253.04999390	0.70477763	0.00001615	318.89542076
5.60000000	49826.91130814	251.74999390	0.68949687	0.00001608	318.07523134
5.80000000	48489.35727339	250.44999390	0.67447088	0.00001601	317.25292150
6.00000000	47181.02674616	249.14999390	0.65969669	0.00001595	316.42847471
6.20000000	45901.42873543	247.84999390	0.64517138	0.00001588	315.60187423
6.40000000	44650.07799548	246.54999390	0.63089201	0.00001581	314.77310308
6.60000000	43426.49498834	245.24999390	0.61685569	0.00001575	313.94214409
6.80000000	42230.20584616	243.94999390	0.60305953	0.00001568	313.10897982
7.00000000	41060.74233370	242.64999390	0.58950068	0.00001561	312.27359263
7.20000000	39917.64181087	241.34999390	0.57617629	0.00001554	311.43596462
7.40000000	38800.44719530	240.04999390	0.56308354	0.00001547	310.59607768
7.60000000	37708.70692497	238.74999390	0.55021962	0.00001540	309.75391342
7.80000000	36641.97492092	237.44999390	0.53758174	0.00001534	308.90945322
8.00000000	35599.81054993	236.14999390	0.52516715	0.00001527	308.06267819
8.20000000	34581.77858736	234.84999390	0.51297308	0.00001520	307.21356921
8.40000000	33587.44917996	233.54999390	0.50099681	0.00001513	306.36210685
8.60000000	32616.39780878	232.24999390	0.48923564	0.00001506	305.50827145
8.80000000	31668.20525208	230.94999390	0.47768686	0.00001499	304.65204305
9.00000000	30742.45754836	229.64999390	0.46634781	0.00001492	303.79340141
9.20000000	29838.74595941	228.34999390	0.45521584	0.00001485	302.93232602
9.40000000	28956.66693336	227.04999390	0.44428830	0.00001478	302.06879607
9.60000000	28095.82206791	225.74999390	0.43356259	0.00001471	301.20279044
9.80000000	27255.81807349	224.44999390	0.42303610	0.00001464	300.33428771
10.00000000	26435.99853516	223.14999390	0.41270206	0.00001457	299.46326617
10.20000000	25636.52479233	221.84999390	0.40256641	0.00001450	298.58970376
10.40000000	24856.74216141	220.54999390	0.39262230	0.00001443	297.71357813
10.60000000	24096.27744075	219.24999390	0.38286720	0.00001436	296.83486657
10.80000000	23354.76235828	217.94999390	0.37329863	0.00001429	295.95354605
11.00000000	22632.00073242	216.64999390	0.36391677	0.00001422	295.06959320
11.20000000	21929.37764394	216.64999390	0.35261877	0.00001422	295.06959320
11.40000000	21248.56788121	216.64999390	0.34167152	0.00001422	295.06959320
11.60000000	20588.89423737	216.64999390	0.33106414	0.00001422	295.06959320
11.80000000	19949.70052982	216.64999390	0.32078607	0.00001422	295.06959320
12.00000000	19330.35094750	216.64999390	0.31082709	0.00001422	295.06959320
12.20000000	18730.22941849	216.64999390	0.30117729	0.00001422	295.06959320
12.40000000	18148.73899713	216.64999390	0.29182707	0.00001422	295.06959320
12.60000000	17585.30127031	216.64999390	0.28276714	0.00001422	295.06959320
12.80000000	17039.35578203	216.64999390	0.27398847	0.00001422	295.06959320
13.00000000	16510.35947601	216.64999390	0.26548235	0.00001422	295.06959320
13.20000000	15997.78615542	216.64999390	0.25724030	0.00001422	295.06959320
13.40000000	15501.12595952	216.64999390	0.24925413	0.00001422	295.06959320
13.60000000	15019.88485647	216.64999390	0.24151590	0.00001422	295.06959320
13.80000000	14553.58415194	216.64999390	0.23401790	0.00001422	295.06959320
14.00000000	14101.76001291	216.64999390	0.22675269	0.00001422	295.06959320
14.20000000	13663.96300635	216.64999390	0.21971302	0.00001422	295.06959320
14.40000000	13239.75765208	216.64999390	0.21289191	0.00001422	295.06959320
14.60000000	12828.72198969	216.64999390	0.20628256	0.00001422	295.06959320
14.80000000	12430.44715874	216.64999390	0.19987840	0.00001422	295.06959320
15.00000000	12044.53699211	216.64999390	0.19367307	0.00001422	295.06959320
15.20000000	11670.60762189	216.64999390	0.18766038	0.00001422	295.06959320
15.40000000	11308.28709757	216.64999390	0.18183436	0.00001422	295.06959320
15.60000000	10957.21501605	216.64999390	0.17618921	0.00001422	295.06959320
15.80000000	10617.04216316	216.64999390	0.17071932	0.00001422	295.06959320
16.00000000	10287.43016627	216.64999390	0.16541924	0.00001422	295.06959320
16.20000000	9968.05115769	216.64999390	0.16028371	0.00001422	295.06959320
16.40000000	9658.58744861	216.64999390	0.15530761	0.00001422	295.06959320
16.60000000	9358.73121302	216.64999390	0.15048600	0.00001422	295.06959320
16.80000000	9068.18418154	216.64999390	0.14581408	0.00001422	295.06959320
17.00000000	8786.65734475	216.64999390	0.14128720	0.00001422	295.06959320
17.20000000	8513.87066565	216.64999390	0.13690086	0.00001422	295.06959320
17.40000000	8249.55280119	216.64999390	0.13265069	0.00001422	295.06959320
17.60000000	7993.44083229	216.64999390	0.12853248	0.00001422	295.06959320
17.80000000	7745.28000234	216.64999390	0.12454212	0.00001422	295.06959320
18.00000000	7504.82346380	216.64999390	0.12067564	0.00001422	295.06959320
18.20000000	7271.83203264	216.64999390	0.11692919	0.00001422	295.06959320
18.40000000	7046.07395044	216.64999390	0.11329906	0.00001422	295.06959320
18.60000000	6827.32465385	216.64999390	0.10978163	0.00001422	295.06959320
18.80000000	6615.36655120	216.64999390	0.10637340	0.00001422	295.06959320
19.00000000	6409.98880609	216.64999390	0.10307098	0.00001422	295.06959320
19.20000000	6210.98712766	216.64999390	0.09987108	0.00001422	295.06959320
19.40000000	6018.16356735	216.64999390	0.09677053	0.00001422	295.06959320
19.60000000	5831.32632204	216.64999390	0.09376623	0.00001422	295.06959320
19.80000000	5650.28954324	216.64999390	0.09085521	0.00001422	295.06959320
20.00000000	5474.80010986	216.64999390	0.08803338	0.00001422	295.06959320
20.20000000	5304.90906159	216.84999390	0.08522290	0.00001423	295.20575823
20.40000000	5140.43936127	217.04999390	0.08250462	0.00001424	295.34186048
20.60000000	4981.21325153	217.24999390	0.07987542	0.00001425	295.47790004
20.80000000	4827.05895914	217.44999390	0.07733231	0.00001426	295.61387699
21.00000000	4677.81048825	217.64999390	0.07487240	0.00001427	295.74979143
21.20000000	4533.30742110	217.84999390	0.07249289	0.00001428	295.88564343
21.40000000	4393.39472567	218.04999390	0.07019108	0.00001429	296.02143309
21.60000000	4257.92257018	218.24999390	0.06796437	0.00001430	296.15716049
21.80000000	4126.74614409	218.44999390	0.06581025	0.00001431	296.29282572
22.00000000	3999.72548551	218.64999390	0.06372627	0.00001433	296.42842885
22.20000000	3876.72531461	218.84999390	0.06171011	0.00001434	296.56396998
22.40000000	3757.61487290	219.04999390	0.05975948	0.00001435	296.69944919
22.60000000	3642.26776824	219.24999390	0.05787221	0.00001436	296.83486657
22.80000000	3530.56182520	219.44999390	0.05604618	0.00001437	296.97022220
23.00000000	3422.37894077	219.64999390	0.05427936	0.00001438	297.10551616
23.20000000	3317.60494505	219.84999390	0.05256976	0.00001439	297.24074854
23.40000000	3216.12946688	220.04999390	0.05091549	0.00001440	297.37591942
23.60000000	3117.84580417	220.24999390	0.04931472	0.00001441	297.51102889
23.80000000	3022.65079875	220.44999390	0.04776565	0.00001442	297.64607703
24.00000000	2930.44471560	220.64999390	0.04626658	0.00001444	297.78106393
24.20000000	2841.13112632	220.84999390	0.04481586	0.00001445	297.91598966
24.40000000	2754.61679665	221.04999390	0.04341187	0.00001446	298.05085431
24.60000000	2670.81157790	221.24999390	0.04205308	0.00001447	298.18565796
24.80000000	2589.62830219	221.44999390	0.04073799	0.00001448	298.32040070
25.00000000	2510.98268133	221.64999390	0.03946515	0.00001449	298.45508261
25.20000000	2434.79320923	221.84999390	0.03823318	0.00001450	298.58970376
25.40000000	2360.98106762	222.04999390	0.03704073	0.00001451	298.72426425
25.60000000	2289.47003520	222.24999390	0.03588649	0.00001452	298.85876416
25.80000000	2220.18639978	222.44999390	0.03476921	0.00001453	298.99320356
26.00000000	2153.05887355	222.64999390	0.03368767	0.00001454	299.12758254
26.20000000	2088.01851129	222.84999390	0.03264070	0.00001455	299.26190118
26.40000000	2024.99863138	223.04999390	0.03162717	0.00001457	299.39615955
26.60000000	1963.93473955	223.24999390	0.03064597	0.00001458	299.53035775
26.80000000	1904.76445523	223.44999390	0.02969605	0.00001459	299.66449585
27.00000000	1847.42744054	223.64999390	0.02877639	0.00001460	299.79857394
27.20000000	1791.86533161	223.84999390	0.02788599	0.00001461	299.93259209
27.40000000	1738.02167234	224.04999390	0.02702390	0.00001462	300.06655038
27.60000000	1685.84185039	224.24999390	0.02618920	0.00001463	300.20044889
27.80000000	1635.27303547	224.44999390	0.02538099	0.00001464	300.33428771
28.00000000	1586.26411960	224.64999390	0.02459840	0.00001465	300.46806692
28.20000000	1538.76565953	224.84999390	0.02384061	0.00001466	300.60178658
28.40000000	1492.72982112	225.04999390	0.02310681	0.00001467	300.73544679
28.60000000	1448.11032560	225.24999390	0.02239622	0.00001468	300.86904762
28.80000000	1404.86239766	225.44999390	0.02170808	0.00001470	301.00258915
29.00000000	1362.94271537	225.64999390	0.02104166	0.00001471	301.13607147
29.20000000	1322.30936177	225.84999390	0.02039627	0.00001472	301.26949464
29.40000000	1282.92177810	226.04999390	0.01977122	0.00001473	301.40285874
29.60000000	1244.74071864	226.24999390	0.01916585	0.00001474	301.53616386
29.80000000	1207.72820716	226.44999390	0.01857953	0.00001475	301.66941008
30.00000000	1171.80004120	226.64999390	0.01801091	0.00001476	301.80259747
30.20000000	1137.01697403	226.84999390	0.01746087	0.00001477	301.93572611
30.40000000	1103.29568555	227.04999390	0.01692810	0.00001478	302.06879607
30.60000000	1070.60287142	227.24999390	0.01641203	0.00001479	302.20180744
30.80000000	1038.90629990	227.44999390	0.01591213	0.00001480	302.33476029
31.00000000	1008.17477639	227.64999390	0.01542787	0.00001481	302.46765470
31.20000000	978.37810921	227.84999390	0.01495876	0.00001482	302.60049075
31.40000000	949.48707653	228.04999390	0.01450430	0.00001484	302.73326850
31.60000000	921.47339435	228.24999390	0.01406403	0.00001485	302.86598805
31.80000000	894.30968567	228.44999390	0.01363749	0.00001486	302.99864947
32.00000000	868.01004410	228.64999390	0.01322487	0.00001487	303.13125283
32.20000000	842.48621151	229.20999389	0.01280463	0.00001490	303.50223400
32.40000000	817.77246339	229.76999388	0.01239872	0.00001493	303.87276227
32.60000000	793.84120786	230.32999387	0.01200662	0.00001496	304.24283928
32.80000000	770.66585660	230.88999386	0.01162783	0.00001499	304.61246668
33.00000000	748.22078603	231.44999385	0.01126187	0.00001502	304.98164611
33.20000000	726.48130012	232.00999384	0.01090826	0.00001505	305.35037918
33.40000000	705.42359465	232.56999383	0.01056657	0.00001508	305.71866752
33.60000000	685.02472300	233.12999382	0.01023637	0.00001511	306.08651273
33.80000000	665.26256328	233.68999381	0.00991724	0.00001514	306.45391641
34.00000000	646.11578682	234.24999380	0.00960879	0.00001517	306.82088013
34.20000000	627.56382795	234.80999379	0.00931063	0.00001520	307.18740549
34.40000000	609.58685491	235.36999378	0.00902240	0.00001523	307.55349404
34.60000000	592.16574210	235.92999377	0.00874375	0.00001526	307.91914734
34.80000000	575.28204326	236.48999376	0.00847434	0.00001529	308.28436695
35.00000000	558.91796585	237.04999375	0.00821383	0.00001532	308.64915440
35.20000000	543.05634641	237.60999374	0.00796192	0.00001534	309.01351122
35.40000000	527.68062692	238.16999373	0.00771830	0.00001537	309.37743893
35.60000000	512.77483207	238.72999372	0.00748269	0.00001540	309.74093905
35.80000000	498.32354747	239.28999372	0.00725479	0.00001543	310.10401308
36.00000000	484.31189872	239.84999371	0.00703434	0.00001546	310.46666251
36.20000000	470.72553125	240.40999370	0.00682108	0.00001549	310.82888884
36.40000000	457.55059105	240.96999369	0.00661476	0.00001552	311.19069353
36.60000000	444.77370610	241.52999368	0.00641514	0.00001555	311.55207807
36.80000000	432.38196851	242.08999367	0.00622198	0.00001558	311.91304389
37.00000000	420.36291744	242.64999366	0.00603506	0.00001561	312.27359247
37.20000000	408.70452256	243.20999365	0.00585418	0.00001564	312.63372525
37.40000000	397.39516833	243.76999364	0.00567911	0.00001567	312.99344365
37.60000000	386.42363871	244.32999363	0.00550966	0.00001570	313.35274910
37.80000000	375.77910260	244.88999362	0.00534564	0.00001573	313.71164303
38.00000000	365.45109976	245.44999361	0.00518685	0.00001576	314.07012685
38.20000000	355.42952732	246.00999360	0.00503313	0.00001578	314.42820195
38.40000000	345.70462682	246.56999359	0.00488430	0.00001581	314.78586974
38.60000000	336.26697167	247.12999358	0.00474020	0.00001584	315.14313160
38.80000000	327.10745519	247.68999357	0.00460066	0.00001587	315.49998890
39.00000000	318.21727906	248.24999356	0.00446552	0.00001590	315.85644303
39.20000000	309.58794222	248.80999355	0.00433465	0.00001593	316.21249534
39.40000000	301.21123014	249.36999354	0.00420789	0.00001596	316.56814719
39.60000000	293.07920465	249.92999353	0.00408512	0.00001599	316.92339992
39.80000000	285.18419393	250.48999352	0.00396618	0.00001602	317.27825488
40.00000000	277.51998901	251.05000305	0.00385099	0.00001605	317.63271944
40.20000000	270.07697893	251.61000304	0.00373936	0.00001607	317.98678284
40.40000000	262.84947437	252.17000303	0.00363121	0.00001610	318.34045245
40.60000000	255.83077764	252.73000302	0.00352642	0.00001613	318.69372958
40.80000000	249.01441335	253.29000301	0.00342487	0.00001616	319.04661552
41.00000000	242.39412059	253.85000300	0.00332646	0.00001619	319.39911159
41.20000000	235.96384538	254.41000299	0.00323109	0.00001622	319.75121905
41.40000000	229.71773341	254.97000299	0.00313865	0.00001625	320.10293921
41.60000000	223.65012298	255.53000298	0.00304905	0.00001628	320.45427333
41.80000000	217.75553834	256.09000297	0.00296220	0.00001630	320.80522268
42.00000000	212.02868314	256.65000296	0.00287800	0.00001633	321.15578853
42.20000000	206.46443419	257.21000295	0.00279637	0.00001636	321.50597212
42.40000000	201.05783544	257.77000294	0.00271723	0.00001639	321.85577471
42.60000000	195.80409220	258.33000293	0.00264049	0.00001642	322.20519754
42.80000000	190.69856553	258.89000292	0.00256608	0.00001645	322.55424183
43.00000000	185.73676686	259.45000291	0.00249392	0.00001647	322.90290883
43.20000000	180.91435282	260.01000290	0.00242393	0.00001650	323.25119974
43.40000000	176.22712023	260.57000289	0.00235606	0.00001653	323.59911579
43.60000000	171.67100132	261.13000288	0.00229022	0.00001656	323.94665817
43.80000000	167.24205902	261.69000287	0.00222636	0.00001659	324.29382811
44.00000000	162.93648258	262.25000286	0.00216442	0.00001662	324.64062677
44.20000000	158.75058321	262.81000285	0.00210432	0.00001664	324.98705537
44.40000000	154.68078993	263.37000284	0.00204601	0.00001667	325.33311507
44.60000000	150.72364557	263.93000283	0.00198944	0.00001670	325.67880706
44.80000000	146.87580293	264.49000282	0.00193454	0.00001673	326.02413250
45.00000000	143.13402105	265.05000281	0.00188128	0.00001676	326.36909255
45.20000000	139.49516161	265.61000280	0.00182958	0.00001679	326.71368839
45.40000000	135.95618550	266.17000279	0.00177942	0.00001681	327.05792115
45.60000000	132.51414945	266.73000278	0.00173073	0.00001684	327.40179198
45.80000000	129.16620285	267.29000278	0.00168346	0.00001687	327.74530202
46.00000000	125.90958462	267.85000277	0.00163759	0.00001690	328.08845240
46.20000000	122.74162025	268.41000276	0.00159306	0.00001693	328.43124426
46.40000000	119.65971886	268.97000275	0.00154982	0.00001695	328.77367870
46.60000000	116.66137049	269.53000274	0.00150785	0.00001698	329.11575686
46.80000000	113.74414335	270.09000273	0.00146710	0.00001701	329.45747983
47.00000000	110.89999676	270.64999390	0.00142745	0.00001704	329.79884335
47.20000000	108.13533777	270.64999390	0.00139187	0.00001704	329.79884335
47.40000000	105.43959978	270.64999390	0.00135717	0.00001704	329.79884335
47.60000000	102.81106465	270.64999390	0.00132333	0.00001704	329.79884335
47.80000000	100.24805705	270.64999390	0.00129034	0.00001704	329.79884335
48.00000000	97.74894343	270.64999390	0.00125818	0.00001704	329.79884335
48.20000000	95.31213096	270.64999390	0.00122681	0.00001704	329.79884335
48.40000000	92.93606651	270.64999390	0.00119623	0.00001704	329.79884335
48.60000000	90.61923568	270.64999390	0.00116641	0.00001704	329.79884335
48.80000000	88.36016181	270.64999390	0.00113733	0.00001704	329.79884335
49.00000000	86.15740506	270.64999390	0.00110898	0.00001704	329.79884335
49.20000000	84.00956150	270.64999390	0.00108133	0.00001704	329.79884335
49.40000000	81.91526216	270.64999390	0.00105437	0.00001704	329.79884335
49.60000000	79.87317224	270.64999390	0.00102809	0.00001704	329.79884335
49.80000000	77.88199018	270.64999390	0.00100246	0.00001704	329.79884335
50.00000000	75.94400048	270.64999390	0.00097751	0.00001704	329.79884335
50.20000000	74.05076992	270.64999390	0.00095315	0.00001704	329.79884335
50.40000000	72.20473626	270.64999390	0.00092938	0.00001704	329.79884335
50.60000000	70.40472292	270.64999390	0.00090622	0.00001704	329.79884335
50.80000000	68.64958265	270.64999390	0.00088362	0.00001704	329.79884335
51.00000000	66.93800092	270.64999390	0.00086159	0.00001704	329.79884335
51.20000000	65.26757659	270.08999391	0.00084183	0.00001701	329.45747445
51.40000000	63.63549949	269.52999392	0.00082249	0.00001698	329.11575147
51.60000000	62.04096622	268.96999393	0.00080355	0.00001695	328.77367331
51.80000000	60.48318862	268.40999393	0.00078501	0.00001693	328.43123886
52.00000000	58.96139349	267.84999394	0.00076686	0.00001690	328.08844700
52.20000000	57.47482231	267.28999395	0.00074909	0.00001687	327.74529661
52.40000000	56.02273102	266.72999396	0.00073170	0.00001684	327.40178656
52.60000000	54.60438977	266.16999397	0.00071467	0.00001681	327.05791573
52.80000000	53.21908267	265.60999398	0.00069801	0.00001679	326.71368296
53.00000000	51.86610756	265.04999399	0.00068170	0.00001676	326.36908712
53.20000000	50.54477577	264.48999400	0.00066574	0.00001673	326.02412706
53.40000000	49.25441188	263.92999401	0.00065012	0.00001670	325.67880161
53.60000000	47.99435351	263.36999402	0.00063484	0.00001667	325.33310962
53.80000000	46.76395107	262.80999403	0.00061988	0.00001664	324.98704991
54.00000000	45.56256758	262.24999404	0.00060524	0.00001662	324.64062131
54.20000000	44.38957841	261.68999405	0.00059092	0.00001659	324.29382264
54.40000000	43.24437109	261.12999406	0.00057691	0.00001656	323.94665270
54.60000000	42.12634508	260.56999407	0.00056321	0.00001653	323.59911031
54.80000000	41.03491159	260.00999408	0.00054980	0.00001650	323.25119426
55.00000000	39.96949334	259.44999409	0.00053668	0.00001647	322.90290334
55.20000000	38.92952440	258.88999410	0.00052384	0.00001645	322.55423634
55.40000000	37.91444995	258.32999411	0.00051129	0.00001642	322.20519203
55.60000000	36.92372610	257.76999412	0.00049901	0.00001639	321.85576920
55.80000000	35.95681972	257.20999413	0.00048700	0.00001636	321.50596661
56.00000000	35.01320823	256.64999413	0.00047526	0.00001633	321.15578301
56.20000000	34.09237938	256.08999414	0.00046377	0.00001630	320.80521716
56.40000000	33.19383115	255.52999415	0.00045254	0.00001628	320.45426780
56.60000000	32.31707149	254.96999416	0.00044155	0.00001625	320.10293367
56.80000000	31.46161817	254.40999417	0.00043081	0.00001622	319.75121351
57.00000000	30.62699863	253.84999418	0.00042031	0.00001619	319.39910604
57.20000000	29.81274976	253.28999419	0.00041004	0.00001616	319.04660997
57.40000000	29.01841777	252.72999420	0.00040000	0.00001613	318.69372402
57.60000000	28.24355801	252.16999421	0.00039018	0.00001610	318.34044689
57.80000000	27.48773479	251.60999422	0.00038058	0.00001607	317.98677727
58.00000000	26.75052125	251.04999423	0.00037120	0.00001605	317.63271386
58.20000000	26.03149916	250.48999424	0.00036203	0.00001602	317.27825534
58.40000000	25.33025881	249.92999425	0.00035307	0.00001599	316.92340037
58.60000000	24.64639882	249.36999426	0.00034431	0.00001596	316.56814764
58.80000000	23.97952599	248.80999427	0.00033575	0.00001593	316.21249579
59.00000000	23.32925519	248.24999428	0.00032738	0.00001590	315.85644348
59.20000000	22.69520915	247.68999429	0.00031920	0.00001587	315.49998936
59.40000000	22.07701837	247.12999430	0.00031121	0.00001584	315.14313205
59.60000000	21.47432095	246.56999431	0.00030340	0.00001581	314.78587020
59.80000000	20.88676247	246.00999432	0.00029577	0.00001578	314.42820241
60.00000000	20.31400055	245.44999695	0.00028832	0.00001576	314.07012899
60.20000000	19.75568570	244.88999696	0.00028103	0.00001573	313.71164517
60.40000000	19.21148994	244.32999697	0.00027392	0.00001570	313.35275124
60.60000000	18.68108734	243.76999698	0.00026697	0.00001567	312.99344579
60.80000000	18.16415880	243.20999699	0.00026018	0.00001564	312.63372739
61.00000000	17.66039188	242.64999700	0.00025355	0.00001561	312.27359462
61.20000000	17.16948069	242.08999701	0.00024707	0.00001558	311.91304605
61.40000000	16.69112575	241.52999701	0.00024074	0.00001555	311.55208022
61.60000000	16.22503393	240.96999702	0.00023456	0.00001552	311.19069569
61.80000000	15.77091824	240.40999703	0.00022853	0.00001549	310.82889100
62.00000000	15.32849779	239.84999704	0.00022264	0.00001546	310.46666468
62.20000000	14.89749764	239.28999705	0.00021688	0.00001543	310.10401524
62.40000000	14.47764869	238.72999706	0.00021127	0.00001540	309.74094122
62.60000000	14.06868757	238.16999707	0.00020578	0.00001537	309.37744110
62.80000000	13.67035655	237.60999708	0.00020043	0.00001534	309.01351339
63.00000000	13.28240339	237.04999709	0.00019520	0.00001532	308.64915657
63.20000000	12.90458128	236.48999710	0.00019009	0.00001529	308.28436912
63.40000000	12.53664872	235.92999711	0.00018511	0.00001526	307.91914952
63.60000000	12.17836939	235.36999712	0.00018025	0.00001523	307.55349622
63.80000000	11.82951210	234.80999713	0.00017550	0.00001520	307.18740767
64.00000000	11.48985066	234.24999714	0.00017087	0.00001517	306.82088232
64.20000000	11.15916378	233.68999715	0.00016635	0.00001514	306.45391860
64.40000000	10.83723500	233.12999716	0.00016194	0.00001511	306.08651492
64.60000000	10.52385257	232.56999717	0.00015764	0.00001508	305.71866972
64.80000000	10.21880936	232.00999718	0.00015344	0.00001505	305.35038138
65.00000000	9.92190280	231.44999719	0.00014934	0.00001502	304.98164831
65.20000000	9.63293476	230.88999720	0.00014534	0.00001499	304.61246888
65.40000000	9.35171146	230.32999721	0.00014144	0.00001496	304.24284149
65.60000000	9.07804341	229.76999722	0.00013764	0.00001493	303.87276448
65.80000000	8.81174532	229.20999722	0.00013393	0.00001490	303.50223621
66.00000000	8.55263598	228.64999723	0.00013031	0.00001487	303.13125504
66.20000000	8.30053823	228.08999724	0.00012678	0.00001484	302.75981929
66.40000000	8.05527886	227.52999725	0.00012333	0.00001481	302.38792729
66.60000000	7.81668852	226.96999726	0.00011998	0.00001478	302.01557736
66.80000000	7.58460165	226.40999727	0.00011670	0.00001475	301.64276779
67.00000000	7.35885642	225.84999728	0.00011351	0.00001472	301.26949689
67.20000000	7.13929462	225.28999729	0.00011040	0.00001469	300.89576294
67.40000000	6.92576163	224.72999730	0.00010736	0.00001466	300.52156420
67.60000000	6.71810630	224.16999731	0.00010440	0.00001463	300.14689894
67.80000000	6.51618094	223.60999732	0.00010152	0.00001460	299.77176541
68.00000000	6.31984120	223.04999733	0.00009871	0.00001457	299.39616186
68.20000000	6.12894600	222.48999734	0.00009597	0.00001454	299.02008650
68.40000000	5.94335751	221.92999735	0.00009329	0.00001450	298.64353756
68.60000000	5.76294104	221.36999736	0.00009069	0.00001447	298.26651324
68.80000000	5.58756499	220.80999737	0.00008815	0.00001444	297.88901174
69.00000000	5.41710080	220.24999738	0.00008568	0.00001441	297.51103124
69.20000000	5.25142287	219.68999739	0.00008327	0.00001438	297.13256992
69.40000000	5.09040849	219.12999740	0.00008093	0.00001435	296.75362593
69.60000000	4.93393782	218.56999741	0.00007864	0.00001432	296.37419742
69.80000000	4.78189378	218.00999742	0.00007641	0.00001429	295.99428253
70.00000000	4.63420004	217.44999695	0.00007424	0.00001426	295.61387907
70.20000000	4.49066773	216.88999696	0.00007213	0.00001423	295.23298578
70.40000000	4.35122703	216.32999697	0.00007007	0.00001420	294.85160045
70.60000000	4.21577144	215.76999698	0.00006806	0.00001417	294.46972116
70.80000000	4.08419696	215.20999699	0.00006611	0.00001414	294.08734600
71.00000000	3.95639986	214.64999390	0.00006421	0.00001411	293.70447090
71.20000000	3.83233107	214.24999390	0.00006231	0.00001408	293.43068433
71.40000000	3.71193195	213.84999390	0.00006047	0.00001406	293.15664207
71.60000000	3.59510051	213.44999390	0.00005867	0.00001404	292.88234339
71.80000000	3.48173742	213.04999390	0.00005693	0.00001402	292.60778757
72.00000000	3.37174594	212.64999390	0.00005524	0.00001400	292.33297389
72.20000000	3.26503186	212.24999390	0.00005359	0.00001397	292.05790163
72.40000000	3.16150342	211.84999390	0.00005199	0.00001395	291.78257005
72.60000000	3.06107127	211.44999390	0.00005043	0.00001393	291.50697842
72.80000000	2.96364841	211.04999390	0.00004892	0.00001391	291.23112599
73.00000000	2.86915011	210.64999390	0.00004745	0.00001388	290.95501203
73.20000000	2.77749389	210.24999390	0.00004602	0.00001386	290.67863579
73.40000000	2.68859943	209.84999390	0.00004463	0.00001384	290.40199652
73.60000000	2.60238855	209.44999390	0.00004328	0.00001382	290.12509347
73.80000000	2.51878512	209.04999390	0.00004197	0.00001380	289.84792589
74.00000000	2.43771506	208.64999390	0.00004070	0.00001377	289.57049301
74.20000000	2.35910622	208.24999390	0.00003946	0.00001375	289.29279407
74.40000000	2.28288840	207.84999390	0.00003826	0.00001373	289.01482831
74.60000000	2.20899327	207.44999390	0.00003710	0.00001371	288.73659495
74.80000000	2.13735432	207.04999390	0.00003596	0.00001368	288.45809322
75.00000000	2.06790683	206.64999390	0.00003486	0.00001366	288.17932233
75.20000000	2.00058780	206.24999390	0.00003379	0.00001364	287.90028152
75.40000000	1.93533594	205.84999390	0.00003275	0.00001362	287.62096999
75.60000000	1.87209161	205.44999390	0.00003174	0.00001359	287.34138696
75.80000000	1.81079677	205.04999390	0.00003076	0.00001357	287.06153163
76.00000000	1.75139496	204.64999390	0.00002981	0.00001355	286.78140320
76.20000000	1.69383124	204.24999390	0.00002889	0.00001353	286.50100087
76.40000000	1.63805217	203.84999390	0.00002799	0.00001350	286.22032384
76.60000000	1.58400576	203.44999390	0.00002712	0.00001348	285.93937130
76.80000000	1.53164145	203.04999390	0.00002628	0.00001346	285.65814243
77.00000000	1.48091002	202.64999390	0.00002546	0.00001344	285.37663643
77.20000000	1.43176365	202.24999390	0.00002466	0.00001341	285.09485246
77.40000000	1.38415580	201.84999390	0.00002389	0.00001339	284.81278970
77.60000000	1.33804120	201.44999390	0.00002314	0.00001337	284.53044733
77.80000000	1.29337585	201.04999390	0.00002241	0.00001335	284.24782451
78.00000000	1.25011696	200.64999390	0.00002170	0.00001332	283.96492040
78.20000000	1.20822290	200.24999390	0.00002102	0.00001330	283.68173416
78.40000000	1.16765321	199.84999390	0.00002035	0.00001328	283.39826495
78.60000000	1.12836856	199.44999390	0.00001971	0.00001325	283.11451191
78.80000000	1.09033069	199.04999390	0.00001908	0.00001323	282.83047420
79.00000000	1.05350242	198.64999390	0.00001848	0.00001321	282.54615095
79.20000000	1.01784761	198.24999390	0.00001789	0.00001319	282.26154129
79.40000000	0.98333112	197.84999390	0.00001731	0.00001316	281.97664438
79.60000000	0.94991881	197.44999390	0.00001676	0.00001314	281.69145932
79.80000000	0.91757747	197.04999390	0.00001622	0.00001312	281.40598525
80.00000000	0.88627003	196.64999390	0.00001570	0.00001309	281.12022128
80.20000000	0.85597495	196.24999390	0.00001519	0.00001307	280.83416653
80.40000000	0.82665678	195.84999390	0.00001470	0.00001305	280.54782012
80.60000000	0.79828591	195.44999390	0.00001423	0.00001303	280.26118114
80.80000000	0.77083357	195.04999390	0.00001377	0.00001300	279.97424869
81.00000000	0.74427183	194.64999390	0.00001332	0.00001298	279.68702188
81.20000000	0.71857353	194.24999390	0.00001289	0.00001296	279.39949980
81.40000000	0.69371229	193.84999390	0.00001247	0.00001293	279.11168154
81.60000000	0.66966250	193.44999390	0.00001206	0.00001291	278.82356617
81.80000000	0.64639926	193.04999390	0.00001166	0.00001289	278.53515277
82.00000000	0.62389840	192.64999390	0.00001128	0.00001286	278.24644042
82.20000000	0.60213644	192.24999390	0.00001091	0.00001284	277.95742819
82.40000000	0.58109059	191.84999390	0.00001055	0.00001282	277.66811515
82.60000000	0.56073869	191.44999390	0.00001020	0.00001280	277.37850033
82.80000000	0.54105924	191.04999390	0.00000987	0.00001277	277.08858282
83.00000000	0.52203136	190.64999390	0.00000954	0.00001275	276.79836164
83.20000000	0.50363478	190.24999390	0.00000922	0.00001273	276.50783585
83.40000000	0.48584981	189.84999390	0.00000892	0.00001270	276.21700448
83.60000000	0.46865735	189.44999390	0.00000862	0.00001268	275.92586658
83.80000000	0.45203885	189.04999390	0.00000833	0.00001266	275.63442116
84.00000000	0.43597629	188.64999390	0.00000805	0.00001263	275.34266724
84.20000000	0.42045220	188.24999390	0.00000778	0.00001261	275.05060386
84.40000000	0.40544962	187.84999390	0.00000752	0.00001259	274.75823002
84.60000000	0.39095684	187.63581390	0.00000726	0.00001257	274.60155048
84.80000000	0.37697544	187.60745390	0.00000700	0.00001257	274.58079753
85.00000000	0.36349205	187.57909390	0.00000675	0.00001257	274.56004301
85.20000000	0.35048899	187.55073390	0.00000651	0.00001257	274.53928692
85.40000000	0.33794922	187.52237390	0.00000628	0.00001257	274.51852926
85.60000000	0.32585631	187.49401390	0.00000605	0.00001257	274.49777003
85.80000000	0.31419438	187.46565389	0.00000584	0.00001256	274.47700923
86.00000000	0.30294815	187.43729389	0.00000563	0.00001256	274.45624686
86.20000000	0.29210285	187.40893389	0.00000543	0.00001256	274.43548292
86.40000000	0.28164426	187.38057389	0.00000524	0.00001256	274.41471741
86.60000000	0.27155863	187.35221389	0.00000505	0.00001256	274.39395032
86.80000000	0.26183271	187.32385389	0.00000487	0.00001256	274.37318167
87.00000000	0.25245374	187.29549389	0.00000470	0.00001255	274.35241144
87.20000000	0.24340939	187.26713389	0.00000453	0.00001255	274.33163964
87.40000000	0.23468775	187.23877389	0.00000437	0.00001255	274.31086627
87.60000000	0.22627738	187.21041389	0.00000421	0.00001255	274.29009132
87.80000000	0.21816719	187.18205389	0.00000406	0.00001255	274.26931480
88.00000000	0.21034653	187.15369389	0.00000392	0.00001255	274.24853671
88.20000000	0.20280509	187.12533389	0.00000378	0.00001254	274.22775704
88.40000000	0.19553295	187.09697389	0.00000364	0.00001254	274.20697580
88.60000000	0.18852052	187.06861389	0.00000351	0.00001254	274.18619298
88.80000000	0.18175858	187.04025389	0.00000339	0.00001254	274.16540859
89.00000000	0.17523821	187.01189389	0.00000326	0.00001254	274.14462262
89.20000000	0.16895081	186.98353389	0.00000315	0.00001254	274.12383507
89.40000000	0.16288810	186.95517389	0.00000304	0.00001253	274.10304595
89.60000000	0.15704207	186.92681389	0.00000293	0.00001253	274.08225525
89.80000000	0.15140502	186.89845389	0.00000282	0.00001253	274.06146298
90.00000000	0.18359000	186.86999512	0.00000342	0.00001253	274.04059670
90.20000000	0.17699853	186.86999512	0.00000330	0.00001253	274.04059670
90.40000000	0.17064371	186.86999512	0.00000318	0.00001253	274.04059670
90.60000000	0.16451705	186.86999512	0.00000307	0.00001253	274.04059670
90.80000000	0.15861036	186.86999512	0.00000296	0.00001253	274.04059670
91.00000000	0.15381000	186.86999512	0.00000287	0.00001253	274.04059670
91.20000000	0.14829037	187.05243511	0.00000276	0.00001254	274.17433612
91.40000000	0.14297391	187.23487511	0.00000266	0.00001255	274.30801033
91.60000000	0.13785296	187.41731510	0.00000256	0.00001256	274.44161943
91.80000000	0.13292014	187.59975510	0.00000247	0.00001257	274.57516352
92.00000000	0.12816838	187.78219509	0.00000238	0.00001258	274.70864269
92.20000000	0.12359085	187.96463509	0.00000229	0.00001259	274.84205703
92.40000000	0.11918102	188.14707508	0.00000221	0.00001260	274.97540664
92.60000000	0.11493258	188.32951508	0.00000213	0.00001261	275.10869162
92.80000000	0.11083948	188.51195507	0.00000205	0.00001262	275.24191205
93.00000000	0.10689589	188.69439507	0.00000197	0.00001264	275.37506803
93.20000000	0.10309623	188.87683506	0.00000190	0.00001265	275.50815966
93.40000000	0.09943510	189.05927505	0.00000183	0.00001266	275.64118703
93.60000000	0.09590733	189.24171505	0.00000177	0.00001267	275.77415022
93.80000000	0.09250794	189.42415504	0.00000170	0.00001268	275.90704934
94.00000000	0.08923213	189.60659504	0.00000164	0.00001269	276.03988448
94.20000000	0.08607532	189.78903503	0.00000158	0.00001270	276.17265572
94.40000000	0.08303305	189.97147503	0.00000152	0.00001271	276.30536316
94.60000000	0.08010108	190.15391502	0.00000147	0.00001272	276.43800690
94.80000000	0.07727530	190.33635502	0.00000141	0.00001273	276.57058702
95.00000000	0.07455178	190.51879501	0.00000136	0.00001274	276.70310361
95.20000000	0.07192671	190.70123501	0.00000131	0.00001275	276.83555677
95.40000000	0.06939646	190.88367500	0.00000127	0.00001276	276.96794659
95.60000000	0.06695750	191.06611500	0.00000122	0.00001277	277.10027316
95.80000000	0.06460647	191.24855499	0.00000118	0.00001278	277.23253656
96.00000000	0.06234012	191.43099499	0.00000113	0.00001279	277.36473690
96.20000000	0.06015531	191.61343498	0.00000109	0.00001280	277.49687425
96.40000000	0.05804904	191.79587498	0.00000105	0.00001282	277.62894872
96.60000000	0.05601842	191.97831497	0.00000102	0.00001283	277.76096038
96.80000000	0.05406066	192.16075497	0.00000098	0.00001284	277.89290933
97.00000000	0.05217309	192.34319496	0.00000094	0.00001285	278.02479566
97.20000000	0.05035312	192.52563496	0.00000091	0.00001286	278.15661946
97.40000000	0.04859826	192.70807495	0.00000088	0.00001287	278.28838081
97.60000000	0.04690614	192.89051495	0.00000085	0.00001288	278.42007980
97.80000000	0.04527446	193.07295494	0.00000082	0.00001289	278.55171653
98.00000000	0.04370099	193.25539494	0.00000079	0.00001290	278.68329108
98.20000000	0.04218362	193.43783493	0.00000076	0.00001291	278.81480354
98.40000000	0.04072029	193.62027493	0.00000073	0.00001292	278.94625400
98.60000000	0.03930903	193.80271492	0.00000071	0.00001293	279.07764254
98.80000000	0.03794794	193.98515491	0.00000068	0.00001294	279.20896925
99.00000000	0.03663519	194.16759491	0.00000066	0.00001295	279.34023422
99.20000000	0.03536902	194.35003490	0.00000063	0.00001296	279.47143754
99.40000000	0.03414775	194.53247490	0.00000061	0.00001297	279.60257929
99.60000000	0.03296972	194.71491489	0.00000059	0.00001298	279.73365956
99.80000000	0.03183339	194.89735489	0.00000057	0.00001299	279.86467844
100.00000000	0.03201000	195.08000183	0.00000057	0.00001300	279.99578452